58.6
52.3
69.6
89.7
49.8
11.1
18.8
75.4
10.8
17.9
73.5
61.2
0.5
83.2
70
52.4
92.6
93.5
63.7
58
70.5
4.9
68.6
60.5
44.1
98.4
84
2.4
85.8
11
78.9
24.6
65.3
88.5
76.5
22.8
53.5
61.8
93.9
75.4
63.6
71.9
73.6
15
39.2
11.7
97.4
13.9
70.8
34.1
33.5
65.1
11
44.9
21.6
45.4
75.8
51.1
76.4
3.4
37.3
67.3
26.5
44.4
8
51
54.8
18
60
2.8
86.2
66.1
92.8
15.8
11.9
78
71.7
47.8
55.2
85.2
8.8
91.2
72.4
0.3
37.7
11.9
58.7
99.9
99.4
84.4
76.5
57.1
19.4
46.7
56.4
95.6
81.4
64.4
99.7
13.1
74.7
65.8
88.8
70.1
63.1
11.5
89.5
15.2
71.4
53.9
80.6
36.2
95.6
40.7
77.1
12
86.8
91.9
10.8
7.6
84.4
73.6
73.5
27.3
25.9
58.8
15.5
84.9
23.5
54.4
51.7
33.8
68.9
68.5
97.7
70.7
65
92.7
7.1
52.8
15.7
20.6
77.3
39.7
69.5
62.1
60.9
88
58.8
87.5
52.1
65.8
11.3
6.1
93.2
54.5
67.4
46.5
59.2
25
0.1
8.8
52.8
97.4
27.7
69.3
73.4
91.7
33.7
76.4
65.2
54.5
19
40.7
37.9
92.1
84
17.3
79.3
26.2
35.5
91.1
51.7
89.3
6.9
86.3
28.9
40.4
34
17.2
94.3
7.6
76.8
47.8
84.3
65.6
8.1
80.3
35.9
90.7
41.9
6.3
86.1
79.1
84.2
77.4
69.6
53.3
84.9
86.3
94
96.1
64.5
90.9
59.6
40.1
27.2
65.7
98.4
63.7
95.5
60.8
50.8
70.1
54.6
27.1
98.8
25.4
58.9
72
68.7
82.5
27
63.7
26.5
76.2
67
57.3
97.7
96.2
34
73.6
97.7
72.2
94.3
33.2
3
10.3
81.9
86.2
60.2
38.3
98.8
96.8
70.5
44.1
89.5
16.4
6.4
53.7
80.4
40
0.5
19.6
71
67.6
83.6
4.7
31.6
6.5
68.5
89.2
51.8
84.2
23.7
61.3
12.4
77.7
71.7
74
38
40.5
85.4
15.6
1.9
68.9
67.9
52.3
72.4
95.3
59
66.2
55.3
31.2
59.3
93.6
86
88.3
67.3
86.9
91.8
11.2
62.5
53.7
63.2
55.7
27.9
55.4
34.4
41.7
56.9
81.6
51
29.3
29.9
97.8
3.2
72.5
25.7
77
28.3
75.6
68.2
74.4
68.4
52.8
40
78.4
96.6
46.2
79
17.4
74.4
75.5
42.1
86.8
94.8
67.3
57.6
50.3
95.4
34.2
95.2
93.8
78.4
24.5
64.8
81.2
88
53.2
53.9
61.4
51.6
92.3
59.1
89.3
48.8
71.1
1
57.8
58.9
21.4
51.3
50.1
22.2
43.5
39.7
44.8
45.6
94.8
85
73.5
7.3
63
79.6
69.3
32.7
89.4
83.1
65.7
27.4
92.8
60.9
91.4
72.6
4.5
18.8
74.9
29.8
22.8
68.8
43.8
80.2
93.6
18.9
55.9
87.8
58.3
75.8
37.4
50.5
88.5
82.5
57.4
28.9
56.9
48.2
73.9
64.4
98.3
9.7
97.5
60.3
49.2
10.1
86
60.1
77.5
72.8
82.3
52.2
76.3
76.4
75.9
76.6
85.6
32
73.1
66.8
88.5
66.8
38.7
70.5
62.5
71.6
91.4
68.5
38.5
71.8
52
84
31.1
13.7
6.3
56.1
99.1
20.8
88.7
97
43.3
42
82.2
52.8
74.5
65.1
52
55.5
86.4
70.1
75.3
60.2
75.5
79.8
95
80.8
36.6
84.2
97.7
88.5
92.5
3.3
94.4
86.1
87
62.2
76.4
89.6
87.4
66.7
98.5
1
61.9
53
78.4
9.4
8
34.1
53
8.5
81.3
83.4
63.5
62.8
99.9
87.3
70.5
48.9
26
29.8
73.9
29.8
19.8
98.4
97
54.1
95.7
31.3
53.8
32.8
36.7
1
11.6
40.6
71.7
2.9
65.2
51.5
4.2
55.3
63.3
66.1
50.1
50.8
17.4
54.4
85.6
76.6
39.6
70
65.1
88.6
39.9
62.5
82.9
62.7
48.1
52.7
23.5
85.5
95.6
64.7
48.5
88.8
64.1
66.5
95.5
2.1
0.2
98.5
20.3
95.7
96.6
4.9
48.1
42
76
66.7
24.2
34.2
64.7
27.2
76.9
9.4
40.7
96
17.3
23.5
96.3
12.9
62
83.2
42.3
61
78.7
82.5
60.8
99.6
64.4
17.5
52.7
46.1
47
17.4
0.9
67
71.5
87.9
76.9
0.7
57.2
28.8
76.9
29.3
92.8
87
71.6
27.3
91
5.4
88.8
70.4
70.4
66.2
82.4
61.7
22.7
89
74.7
88.1
62
0.7
4.5
64.5
40.7
94.5
40.5
80.6
24
86.1
34.3
76.6
46.7
4
83.4
39.1
77.5
53.5
62.8
90
68.3
60.8
74.6
48.8
97
73
95.4
26.6
90.5
31.4
69.2
85.3
62.4
39.6
53.8
90.7
79
69.8
28.4
23.8
2.1
29.9
12.3
76.4
79.5
55.2
60.2
74.2
69.4
69.2
93.2
79.6
26
69.8
23
60.5
83
81.5
12.3
44.8
69
45.9
50.6
6.3
14.6
60.3
76.3
74
73.9
0.5
59
87.8
93.5
17
22.9
14.6
77
55
92.7
21.5
57.3
75.2
2.9
55.4
32.8
54.4
59.2
55.7
83.4
29.2
74.6
35.3
68.7
4.2
12.5
92.8
76.9
60
27
55.6
71.7
57.7
93.8
93.5
89.7
49.4
57.8
5.3
48.6
60.9
65
81.2
4.9
20.3
42.4
17.6
70.1
52.2
75.2
21.4
31.2
71.1
95.7
29.5
95.7
43.7
48.6
97.8
73.7
92
19.6
72.3
16.8
82.1
69.4
61
60.6
2.5
88.7
52.9
57.7
12
25.6
50.7
36.3
79
32.7
78.5
75.2
86.1
78.5
82.2
0.4
44
90.4
87.2
80.4
77.6
76.9
55.8
88.7
35.4
87.4
12
66.4
45.5
69.4
72.7
48.8
11.3
35.8
79
65.9
16
15.1
83.9
71.1
67.9
78.1
64.1
91.3
64.7
74
8.4
74.6
4.2
54.7
66.2
58.5
50.2
16.1
54.3
39.5
81.3
19.7
92.2
76.9
96.8
81.1
90.9
85.7
91.7
63.5
98.5
55.9
25.2
95.3
39.3
26.7
94.5
91.9
51.2
80.6
21.7
12.1
87.5
75.5
82.9
45.8
70.8
45.8
3.4
12.6
28.6
91.9
19.7
83.8
79.9
66.5
76.5
38.2
64.9
76.1
25.5
27.9
56.1
54
34.9
94.9
22.6
69.9
67.1
71.3
99.2
93.4
61.8
26.6
33
78.6
99.7
98.7
60.4
85.6
31.8
67.9
90.4
98.7
54.4
99.9
42.9
79.8
68.2
86.9
3.6
82.8
49.6
68.8
68.2
62.2
83.1
56.1
58.9
63.9
41.5
82.2
45.7
2.9
21.7
86.8
54.2
8.2
98.9
3
54.5
70.1
84.5
27
3
52.2
38.2
29.6
53.8
19.7
96.9
1.2
88.9
13.1
93.3
98.3
61.9
80.6
8.1
66
13.5
87.8
15.3
70.9
25.4
70.3
4.2
51.9
60.7
1.4
35.8
22.3
26.3
2.7
97
85.3
1.5
69.7
28.1
30.1
1.3
87.7
58.5
53.5
82.4
96.4
66.3
98
62.4
52.8
91
90.3
96.8
62.4
57.8
60
66.8
80.1
65.8
11.4
76
62.6
93.1
6.6
95.9
13.2
63.2
75.5
5.1
48.2
52.2
24.1
82.7
69.8
49.8
89.5
86.4
24.2
81.9
54.3
79.1
61
66.2
73.2
58.5
73.1
95.2
9.1
87.8
94.7
28.7
39.9
3.1
87.7
42.1
47.4
95.6
91.8
99.1
43.4
73.3
62.9
38.1
25.1
15.9
70
40.1
4.7
