92.5
79.5
82
46.5
76.5
89.5
31.5
84
96
56.5
73.5
22.5
90
75
82.5
45.5
60.5
44.5
71
87.5
65
86.5
70
34
74
23.5
16
9.5
53.5
61.5
94
87.5
78
42.5
75
82
75.5
85
70
24
17.5
45
37.5
31
62.5
66.5
50
71.5
99.5
78.5
72.5
99.5
66.5
86
76.5
83
79.5
56.5
66.5
62
76.5
44
92.5
52
73.5
88.5
70
79
32.5
29.5
77
77
31
59.5
57.5
83.5
56
56.5
76
26.5
91
87
89.5
37
48
89.5
66
52
56.5
87.5
52
55
56.5
85.5
24
87.5
97
57.5
34
33
60
75.5
31
77
36.5
31
93
86
31
83
56
26.5
66
43.5
58
78.5
51
46.5
20.5
59.5
86
45.5
83
45.5
92.5
60
93
97.5
95.5
72
62
88
93.5
88.5
54.5
50.5
72.5
57
62
87
86
72.5
68.5
24.5
84.5
89.5
22.5
52
89.5
97
92.5
90
11.5
89.5
90
86.5
79.5
82
79
88
83
53
36.5
93.5
19
97.5
57
65.5
72
64
79
34.5
58
74
68
92.5
38.5
33.5
98
90
41
23
22
67
75.5
18.5
94
80
78.5
65.5
30
65
64
77
36
10.5
20.5
94
94.5
84
